//zhanji
3
1 2 4
0.5 1 2
0.25 0.5 1

0.000 0.730 1.450 
0.000 0.000 0.730 
0.000 0.000 0.000 
------------
0.000 5.520 11.050 
0.000 0.000 5.520 
0.000 0.000 0.000 


//affect
4
1 2 4 8
0.5 1 3 6
0.25 0.333 1 2
0.125 0.1667 0.5 1

0.000 0.748 1.220 2.430 
0.000 0.000 0.610 1.220 
0.000 0.000 0.000 0.500 
0.000 0.000 0.000 0.000 
------------
0.000 5.630 19.810 39.620 
0.000 0.000 9.890 19.800 
0.000 0.000 0.000 8.000 
0.000 0.000 0.000 0.000 



//lead_team
5
1 2 4 4 8
0.5 1 3 3 6
0.25 0.333 1 2 4
0.25 0.333 0.5 1 2
0.125 0.1667 0.25 0.5 1




0.000 0.651 0.570 1.090 2.170 
0.000 0.000 0.482 0.660 1.310 
0.000 0.000 0.000 0.675 0.470 
0.000 0.000 0.000 0.000 0.390 
0.000 0.000 0.000 0.000 0.000 
------------
0.000 7.150 15.040 30.710 61.410 
0.000 0.000 9.300 16.870 33.750 
0.000 0.000 0.000 6.810 13.620 
0.000 0.000 0.000 0.000 10.290 
0.000 0.000 0.000 0.000 0.000



//lead_player

4
1 2 4 8
0.5 1 3 6
0.25 0.333 1 2
0.125 0.1667 0.5 1


0.000 0.748 1.220 2.430 
0.000 0.000 0.610 1.220 
0.000 0.000 0.000 0.500 
0.000 0.000 0.000 0.000 
------------
0.000 5.630 19.810 39.620 
0.000 0.000 9.890 19.800 
0.000 0.000 0.000 8.000 
0.000 0.000 0.000 0.000

